AL: -73, -167, 357
GY: 50, -125, -100
MGH: -2438, -399, 521
MGS: 1.275343, 1.271046, 1.392418
