AL: 78.837166, 176.412231, 362.891303
GY: 11.353843, 136.075283, 111.047340
MG: 3088.910003, 1211.674526, 1915.866528
